             0.99995                    0 7092 1545 4.59029
   0.999967923540027                    0 7026 1539 4.5653
   0.999979422014312                    0 6934 1522 4.55585
   0.999986798621315                    0 6828 1504 4.53989
   0.999991530930101                    0 6808 1503 4.52961
   0.999994566844367                    0 6770 1498 4.51936
   0.999996514472017                    0 6740 1494 4.51138
   0.999997763932023                    0 6692 1487 4.50034
   0.999998565497101                    0 6680 1486 4.49529
   0.999999079724504                    0 6656 1483 4.4882
   0.999999409616397                    0 6642 1481 4.48481
    0.99999962125168                    0 6626 1478 4.48309
   0.999999757021893                    0 6600 1474 4.47761
    0.99999984412245                    0 6580 1472 4.47011
           0.9999999                    0 6572 1472 4.46467
             0.99995                    2 1.74624e-05 1545 1.13026e-08
   0.999967923540027                    2 7.1398e-06 1539 4.63925e-09
   0.999979422014312                    2 2.90261e-06 1522 1.9071e-09
   0.999986798621315                    2 1.1803e-06 1504 7.84772e-10
   0.999991530930101                    2 4.84365e-07 1503 3.22266e-10
   0.999994566844367                    2 1.98558e-07 1498 1.32549e-10
   0.999996514472017                    2 8.13896e-08 1494 5.44776e-11
   0.999997763932023                    2 3.33163e-08 1487 2.2405e-11
   0.999998565497101                    2 1.3686e-08 1486 9.20998e-12
   0.999999079724504                    2 5.61615e-09 1483 3.78702e-12
   0.999999409616397                    2 2.3057e-09 1481 1.55686e-12
    0.99999962125168                    2 9.45929e-10 1478 6.40006e-13
   0.999999757021893                    2 3.87868e-10 1474 2.6314e-13
    0.99999984412245                    2 1.59249e-10 1472 1.08186e-13
           0.9999999                    2 6.54656e-11 1472 4.44739e-14
